-1.842068074395236721e+01
-1.818572308140195304e+01
-1.795076541885154242e+01
-1.771580775630112825e+01
-1.748085009375071408e+01
-1.724589243120030346e+01
-1.701093476864988929e+01
-1.677597710609947868e+01
-1.654101944354906450e+01
-1.630606178099865033e+01
-1.607110411844823972e+01
-1.583614645589782555e+01
-1.560118879334741315e+01
-1.536623113079700076e+01
-1.513127346824658659e+01
-1.489631580569617419e+01
-1.466135814314576180e+01
-1.442640048059534763e+01
-1.419144281804493524e+01
-1.395648515549452284e+01
-1.372152749294410867e+01
-1.348656983039369806e+01
-1.325161216784328388e+01
-1.301665450529287149e+01
-1.278169684274245910e+01
-1.254673918019204493e+01
-1.231178151764163253e+01
-1.207682385509122014e+01
-1.184186619254080597e+01
-1.160690852999039535e+01
-1.137195086743998118e+01
-1.113699320488956879e+01
-1.090203554233915639e+01
-1.066707787978874222e+01
-1.043212021723832983e+01
-1.019716255468791744e+01
-9.962204892137503265e+00
-9.727247229587090871e+00
-9.492289567036678477e+00
-9.257331904486266083e+00
-9.022374241935851913e+00
-8.787416579385439519e+00
-8.552458916835027125e+00
-8.317501254284614731e+00
-8.082543591734200561e+00
-7.847585929183788167e+00
-7.612628266633375773e+00
-7.377670604082963379e+00
-7.142712941532549209e+00
-6.907755278982136815e+00
